

Iter:1

valid_CE_corr:0.587610

train_Error_rate:11.074000

valid_CE_clean:0.359114

train_CE_corr:0.719135

train_denois2:1.074267

train_denois3:0.974546

train_denois0:0.065411

train_denois1:1365.199463

train_denois6:0.795267

train_denois4:1.648561

train_denois5:2.093599

train_total_gradient_norm:6.743927

train_Total_cost:33.424713

train_CE_clean:0.470584

valid_denois2:0.821100

valid_denois3:0.770121

valid_denois0:0.017866

valid_denois1:1123.020020

valid_denois6:0.859974

valid_denois4:0.863428

valid_denois5:1.037907

valid_total_gradient_norm:2.858623

valid_Total_cost:9.520556

valid_Error_rate:9.290000



Iter:2

valid_CE_corr:0.456224

train_Error_rate:8.066000

valid_CE_clean:0.260824

train_CE_corr:0.513750

train_denois2:0.873009

train_denois3:0.821091

train_denois0:0.016773

train_denois1:784.094788

train_denois6:0.886621

train_denois4:0.820221

train_denois5:0.928575

train_total_gradient_norm:2.461575

train_Total_cost:8.900475

train_CE_clean:0.302079

valid_denois2:0.925745

valid_denois3:0.868864

valid_denois0:0.015722

valid_denois1:540.166809

valid_denois6:0.896134

valid_denois4:0.807532

valid_denois5:0.862871

valid_total_gradient_norm:2.141172

valid_Total_cost:8.317026

valid_Error_rate:6.780000



Iter:3

valid_CE_corr:0.355664

train_Error_rate:6.242000

valid_CE_clean:0.198841

train_CE_corr:0.401878

train_denois2:0.968607

train_denois3:0.897119

train_denois0:0.014903

train_denois1:361.560272

train_denois6:0.913057

train_denois4:0.826146

train_denois5:0.853126

train_total_gradient_norm:1.904850

train_Total_cost:7.853311

train_CE_clean:0.226733

valid_denois2:0.994693

valid_denois3:0.917254

valid_denois0:0.013965

valid_denois1:216.461273

valid_denois6:0.931578

valid_denois4:0.847029

valid_denois5:0.853143

valid_total_gradient_norm:1.707594

valid_Total_cost:7.338386

valid_Error_rate:5.610000

